#Rust simplenn config start.
#layer: 0
0.5419569519860082 -0.10990598343501834 0.3395075303943315 -0.13937323404390559
1.0553669101289325 -0.1322993373334834 0.16282721860068372 2.2330517437235735
-0.05575489686794214 -0.5881621406216114 -1.4550574725591705 -0.8736236113475322
      
#layer: 1
-0.15966406590810317 -0.3567128063865716 1.0520606275233197 -1.2805659783451682
-0.014652896924547834 0.16472119146999634 0.6312333699561276 -0.3380075633497627
-0.3030081742984425 -0.20588524295208283 -0.590910639294798 0.034934484170787865
0.861697900591638 -0.06002478084679774 -0.11874287258075727 1.8672107872637813
		
1.4197315821438614 1.994990446207864 -0.2803029948112332 0.30384133640348865
#layer: 2
-0.6651002133973343
1.3167744159940145
0.24732789171595607
-0.04511101935848603
-0.022762106278974348


	
