#Rust simplenn config start.
#layer: 0
-0.7204379241135986 0.39444506167826876 1.245934476894712 0.2741725686937024
1.3195332328063685 0.1575300430422745 0.14311332049945175 0.5266749046315258
-0.45887640527460094 -1.8590486784120597 -1.9447829169729156 -1.4232540117235981
#layer: 1
2.228950017145191 1.8786064121071668 0.038443875127955766 0.04828933194319351
-0.5911829425776096 -1.9098829549760359 -0.8704625887326006 0.16484084807946078
0.9056991199769623 1.7113537630088622 -0.045665586576237205 -2.0810240825350603
-0.5807409950945345 0.23447246088669085 -0.08837654802799533 1.710937950835453
1.1077758527837345 1.090112431802886 0.2943036633322189 0.0919594726900357
#layer: 2
-0.5106491732935697 -0.9467565106236107 1.4035745221248987 -0.9104669471374957
-0.5007056575787666 -0.7973253017377097 0.9838424342327088 0.9945898434129902
-2.4580746218503466 1.0799171653681245 -0.15615768998320131 1.8495573130343643
0.10492754108146798 -0.4696437302440674 0.9291828633964578 0.9444121513829269
-0.36408122610468974 -1.2301693135120326 0.41608745965422406 0.3450480308752177
#layer: 3
0.8470791480882595
0.7033296505427277
-0.28993507925299067
0.7738650063702459
-2.106295792954055
