#Rust simplenn config start.
#layer: 0
0.15024334683092103 -0.42612864568913733 1.5861093087308644 1.0058399756985261
0.7179914808855536 -0.6607679108502339 -1.3559251510080197 0.47963192923956816
-1.2552465167438118 0.5228041039314332 -1.324649552212987 -0.4136362272621335
#layer: 1
1.3968964082204454 -1.9366885720836793 0.9863947917567031 -0.3754408855912367
-0.3458617590071346 0.6990344710849087 -0.24054689046071767 -0.40027542581827374
1.7720277933410125 0.04344126818581031 0.24241574347022926 1.3356470963700044
0.4324649553797684 -0.12888350675344698 -1.6533442404593988 -0.5539142631731492
0.20105855170791614 1.2844383332620433 2.926490103717163 0.15079202947516845
