#Rust simplenn config start.
#layer: 0
-0.9682448632663457 1.7473502603017592 -0.06531750323512064 -0.4632801325301858 1.6235190221618307 -1.8789118516958259 0.16501384337216304 1.1198562312898652 2.00512429416777 0.23321680969854033 0.5938484424143856 1.233182274819969 -1.8056233481677753 -0.23665656693625114 -0.04586683621472147 0.1385445298879332 1.3957392267281452 0.06356777296648777 1.7436321701416404 1.1658774115016948 0.3355822741063757 0.11606047817427954 -1.8148850845207307 0.5447667384268235 -2.1321700007792734 0.4601047717810257 0.20482646919577588 0.6529489780619608 -0.6475965276739419 0.9713723129347601 -0.2675070398320183 -0.47047988040553185 -1.1584505793535882 1.5516627202606832 -0.08718859715064056 0.11877564605976552
0.7292719067042889 -0.3603365343379883 -2.15019777318041 1.5770394714219242 1.0044511997723915 -0.17603113996691622 0.028787057892812717 0.7475933116811042 0.8264830803620012 -0.6324340435750367 0.27777162328182126 0.938043903732017 0.10894238615980788 1.7701965574529257 -1.8947554511364468 -2.2392902494215483 -2.121627201537345 -0.3810143384873929 0.19245026431859566 -0.15897832984442903 0.7931636144314955 -0.26108098403011887 0.33295487723227224 0.727644980463909 0.14641328299056805 -1.2822873270861532 -0.5165363035468113 -0.15266984051195887 -0.04769844485014159 0.6954509440604412 -1.2227001538323847 2.9701989592371 0.3222898459648659 -0.36016911274115543 -1.3484999153646287 -0.18467299033285156
-1.5427872984385853 2.2649870867635786 -0.8005217679263894 -0.39924497895300864 0.1289078172251917 -0.7850976181750806 -0.1446509803037203 -1.412557317442387 2.4318033630005638 -2.001705075476535 -0.5331086471883281 0.2235745622120737 0.4468171307967304 -0.8848292121134412 -0.4870335013290832 -1.0079218097183735 0.6974181842436539 0.5672546988716316 -0.2953551893836902 0.43277800880015677 -1.2555841427374987 -1.8541599238015423 -2.434373341369618 0.24792781587704987 0.36025420033357275 -2.4801793787830535 0.7515139045643952 -0.4427294841657209 0.37731770628162153 -0.9919221330355658 1.7804162057449375 0.2581772721601475 -0.024986861497326873 -0.22744229968605315 0.399482425494571 1.0987984758649352
-1.2548323359079019 0.3049508179358087 -1.4328348046750377 -0.3836350464822577 0.498343847486996 -0.3470367648944377 0.6898841865594302 0.5946843480930195 -0.2372810322764236 -1.521162569635307 -0.30638764603175406 -1.0259970972530166 0.5966041442000708 -0.7435867056376422 0.833896409616035 0.8740433220071144 1.0902658572092725 -0.9604589023285197 -1.8883908007359462 -1.8430903051541327 -2.4285873683225008 1.1765519826365056 1.3926871084548584 -0.938898168371972 0.8893841471465204 0.7616236554864004 -0.16485385961810445 -0.8881840872408403 1.581686050182183 1.0172586905321408 -0.17643006811049908 -0.19314643262179546 0.4855889876122764 -0.6514078245539602 -1.3699796556997892 0.39671849858138264
0.03988927603452584 0.20843566083048448 -0.6095172039249792 -0.6693658428010001 -0.8074623001493496 0.2896414370613789 0.9144699755033605 -0.6713910452142766 0.26882749933258865 1.2227388592375532 -0.7468200270594274 0.016828798393014006 1.1096091566852528 0.04999873973466129 -0.9382908895009471 0.4137296622635174 -0.6629540427148309 -1.3530850435357782 -0.41205786228957986 1.1553375198209537 -0.8940103586309978 -0.569139222446288 -0.09647774894133042 1.0157406210702817 2.0426377313284023 1.4492452419663118 -0.21107135992797635 -0.6861785696186994 0.9805551480482415 0.43043159014152205 1.1694436841374143 0.016777199843539408 0.09423319393622467 -0.6893615268841187 -0.025577902383814407 -0.0068757796763763025
0.4395740387453519 1.2555253762758423 -0.9268827518758604 -0.6060380060997351 -2.9283351071499872 0.3751086134226424 -1.271395183419746 0.014812315145599149 0.8910252269832679 -0.7572202435485644 1.2810878144681381 -1.21098291539679 1.1440799290691253 -0.9920291373572394 0.6683633394640923 1.955174052933582 -0.6216547328564025 -0.5499907640872095 -0.11058733571000376 0.10457658732086499 -1.2661349934058224 -1.0246630216587207 1.2538151354888631 -0.4950238390225826 0.5066055141153802 0.7148010482112445 -0.3201762724933818 1.001758918423832 -0.8144982423369609 0.8428088717799745 0.17421195865352918 0.29489191543731186 -1.1885775780038628 -0.8161470329535027 0.8627435231070162 -0.0727714396243829
-0.5669137225970767 -1.4449498096086792 0.2744588299329843 1.9596623100987136 0.15039929419766626 1.2545315679227036 -0.7080232880164571 -1.4910562791834823 -1.638956445617539 -0.2910616578270046 -0.19246524756339264 -0.4152663272091499 -2.7387259887206414 1.0198199996168251 0.7118617936191624 -0.44545309451271975 1.670865759330367 0.34887771576579085 -2.015913289447908 -0.9713316160924556 0.5479431287815394 0.544286357385586 0.5187072361405416 -0.7586187388482676 0.7508219514315693 -0.060184290623056094 -1.4024863449478613 1.1643287869711965 -1.097014408125275 0.8620524078536671 1.422851689006463 -0.054949027698931834 -0.5509323944739148 0.04510513873091146 -0.5769507715631935 0.18123764074113258
1.7435271225834141 -0.060537702418892225 -1.2450578327749438 -0.9666040444435487 1.3944391123970479 0.3725456833082767 -0.031707723380166926 -0.2067122360352152 0.16605764873017237 1.5388914863917706 -0.8482902404150762 1.93846287212008 1.2244512882409142 -0.031880419647561546 0.1296053238454404 1.5979839134356204 0.1861144449421495 1.487080873986024 -0.12705125483574808 0.4915348818661415 -0.6772243197423589 1.3430421292417831 0.9198310726947988 -0.004699647400296515 -0.0328716040517823 1.6722438650293243 -0.32753270866072615 -1.3458580817953771 0.3077747200681195 -0.9517301630127414 0.394135425915435 -0.38078293302334915 -0.47426420822223536 0.19550846376551645 -1.3106039799657605 1.542305938565337
1.961103127702942 0.9983480283839969 -0.4429254298204989 -0.4335005123812347 -1.36206629858731 0.2612723178439652 -0.9132220089158207 -1.137333115354093 -1.1030987355772717 -1.1924356440232324 1.251386789551296 0.4068706242086987 -1.585470180506436 0.35238577987802855 0.032653389420844794 0.3570063962797975 2.4565890855177375 1.1568822660759304 -1.2310201540255639 -0.9056660884406975 -1.417482906543804 -0.6529950778393975 -0.16919543128148332 -0.2961755342434843 0.258171193521167 0.9858803336519819 1.657688753908594 -0.1364582717258233 2.4888485656841515 0.9097967251138198 0.7450777526579058 0.44754035638330525 -1.1937077600372161 -0.9277929455187546 1.388914712108642 1.4466097730797216
#layer: 1
0.9118034020737694 -0.08543216937600984 0.6139528626769326 2.6990772998857833 -0.17361653546492561 0.9899169149689129 0.9030319171835653 1.051224675366367 -0.24852150838079956 -0.6423476247723606 0.06540697409205226 0.0788747557106485 -1.5967605315153628 1.0085756674601027 0.7923636176347598 -0.3154982188598379 -0.264833206536126 -1.60854720460994 1.261675281441965 -1.4942674115278702 -0.8956379102780965 1.4646577486078922 -0.5113181251959572 0.5808338830373699 0.47817712882391156 0.5743672443089097 0.008661851355510545 -0.7047188553899474 0.172683296725214 -0.1301244675315 0.4478182556225516 -1.0786694562266947 -0.281991081761446 1.2747814666396942 -0.39562011238598976 -1.5083256225867152
0.7090495803458963 0.49409426295238207 1.7535712059465998 -1.7442320109155158 -1.1696837269102405 0.9315891340021945 -0.19094034784737357 1.35899358045247 0.6102915956189118 -0.687689241027167 -1.6306209273398897 1.6363888980552668 -2.143286427064287 0.16660674081967242 -1.321209060855538 -0.9398612713709391 0.8767270615778311 -0.43661712646313333 0.7760194326926177 -0.24667419888883968 0.23780265486402552 1.819616429800702 0.21741101982194538 1.8671414275382907 -0.5898426469421293 -0.9530966277767497 -0.6031742229358563 -0.599765958309605 -0.6610429835878889 -0.5260452050445069 -1.174986828894546 -0.19438581649119055 -1.6880156475738752 -0.7746791265630256 1.463298902112636 -2.1218658039163683
-1.791492560306857 1.2911575742248518 1.0509123883156257 0.38420207828891345 -1.6442049747432492 -0.5669794769616696 -0.09109193503458106 -0.8086981881971231 0.69117620389668 -0.15534638583940968 1.4345758987435784 0.010988478963694707 -0.5562427735344332 0.8869631467937203 -0.9101571118100373 -0.6698916833183362 0.6037874125810635 -0.46777096460104145 -1.524487841422218 0.046224175901321 0.4730482011890075 -0.6704323354572477 1.4076161750006155 0.898306138540041 0.8130138272933765 -0.8053768804266482 -0.10915440721560295 -1.0758349972154118 0.40991706240784226 2.447083038408776 0.3494938398404548 0.7870355177936934 1.5558235857815825 -0.5951627348648103 0.3035491566755417 1.0432638862073127
-0.09008028888760891 -0.024427595819444654 0.13910242525045693 -0.5723374192665156 0.31092980854849306 -0.20069395457795916 0.036310286320221846 0.6106664807625645 -0.7292715460929677 -1.203252853598666 0.42376686847506834 -0.22421342429140023 -0.8171544270960923 -0.6198917926626577 -1.2400474916564819 0.033638228148743274 1.9974579446316183 -0.7157930660344006 -0.08187484650547877 0.8554052017219781 -0.6381054255148815 1.3233764648880295 0.5406006694081296 -0.6767306983125697 -0.5019695662713746 -0.9983527473710861 0.04526094949657975 -1.6982328508205882 0.9395452003278973 -0.8792839773070271 -1.0172578546332485 0.09985773179071603 0.05999755533768477 0.28716744070528955 -0.8690151858336437 -1.2431248469136986
1.0354799593016657 -0.2235646565909364 -0.026963079807205307 1.81091083209785 -0.16508106232887365 1.4974656754898266 0.8898999520979377 1.7962549103339305 0.09468774976996967 -0.16481179499043525 0.8973576282218481 0.7443004933613593 0.019722479022256975 -0.22643482691412362 -0.21952533701573243 0.7539641365887453 1.7457430988309717 -0.2130654627805008 0.21878126579468096 0.7366573414366518 -0.9953500308042507 1.6653734386738313 0.933865782517906 0.7726237351646343 1.4385293169178215 0.04613866241995915 1.261344607632661 0.9338899969553096 0.7910750908084483 -3.3922784676652418 1.1017307336188158 -1.267215008899549 -0.6825921917605099 -0.055999849794790384 -1.6002803147839766 -0.3967413550856805
0.57086152312185 1.5965442020779983 0.7470131890839226 0.60428403287049 -2.184647260946988 -0.36828920653301644 -1.912765580403208 0.05388198090485098 0.8211657351405904 -0.3093136883340727 1.3194676344372969 0.9585751462642139 -1.0167239607016527 -0.3774714051447867 -1.583610962148245 -1.7160317099056144 -2.648904278748905 0.10817791744503802 -0.21912931663881335 0.36817041682180046 0.8856551578042677 -0.6576876077013831 1.795778120280334 -1.5684341870048824 -0.6107381251908263 0.306687879288008 -0.4022916384933942 -0.43975069611238177 0.29986748497222865 0.1702599423616918 -0.7385243349834536 -1.2438084253995756 -1.9280013729153624 -0.280590898338742 1.217177283416359 -1.8206722487989504
-0.7789608724310089 0.328567207056769 -0.7539247461840558 0.9250874597389128 -0.8905361766438429 0.8914224332692094 0.28268314979452136 0.3619595000850788 1.2502115759600074 -1.3629554521178437 -1.1087283566813046 -0.4686426705182626 0.31511686050812726 -0.8203466854817508 -2.560590468761456 0.42788792562973793 0.5723185885493945 0.6731616502612577 -0.5662673779250239 1.8807346833618954 -0.03639286308195012 -0.0938790924546612 -1.815673621831564 0.4204101520879485 0.2248751937256911 0.23326232777827466 0.3270190522650138 1.4624858882191987 0.038803547925713534 0.8628312240046155 0.6907727722008854 0.32827573706632224 -0.00043323802002670264 -2.000276156497256 0.2054734160891778 -1.6981100541627243
0.3896421535513427 1.6346375816751906 0.15219064564277512 2.8000189300237617 0.7537371183573901 0.5131761857192646 -0.4064888252398416 0.7796573566140075 0.46672860437664787 1.109226545627669 -1.5800911844219412 0.31225163269012596 1.5885750689611047 0.18176390999204778 0.47796604968763523 0.6214417114583738 0.6640382024645944 -0.029090746523017633 0.20588859078041763 1.5770523677222743 1.3262397904235905 -0.9060732467758348 -0.5248445407365484 1.1081967537010455 -0.9671632819574496 0.7144996986740229 0.3342642948019299 -0.10575663143954044 0.02269198843393479 -1.635904479908973 1.0672503965571722 -0.5710339644524796 -0.6615061770888786 -0.4774305905965657 1.7810601528893795 -0.7326424671447531
-1.045040096518581 0.1487980438187787 -1.2174088723186718 -0.548446122293949 -0.2112307116126249 0.4636431809682382 -1.3064160022829168 0.9065386541919653 -2.4229817382015146 -1.1299975105715565 -0.23673801782608772 -0.6231184865261405 0.49016546797070104 0.15419901735232666 0.7516520541449788 -0.5364489629209445 -0.845004355348771 0.7058814768729297 -0.5037504760113998 0.33445557994319547 -1.1030661907147608 0.17937465775955136 -0.6718146002475834 2.705543889100946 -0.35596607791603274 0.4854808178062178 0.10196276143464195 -0.18399184363947835 0.24257116009661261 1.5307749216931543 0.9381103773741968 -0.7285907930046467 -1.4535952843723587 0.14519283421215906 -1.8549422098472932 0.4162715178529542
-1.2233397638900785 0.42904880653412375 -0.6244948638671414 -0.6997805398497214 -0.5221448332336224 -0.8473907669726273 1.2226825469017217 -1.1366897569990748 -0.8421423048917899 -0.9711516549974377 0.19339585506523216 -0.663700048390834 -0.3745617299161557 -0.6204520687804455 1.1757331177540422 1.4783488257915791 0.09764691912354209 -1.5376888264150526 -1.1464755855455442 -0.5061544632496557 -0.29697583487574947 1.9895836272053147 0.9920787905868983 0.4086337265711257 -0.6489441628979281 -0.7537257775857324 1.4608817676099928 1.1545670544147901 1.7857264240662076 1.026910212270328 -1.0268339499853312 1.4416609828861748 -0.25221779508143605 1.0779650602161033 -0.4138263208086344 -0.3988839420570531
0.46346830890461405 0.09740367368093997 -0.5706762276327302 -1.0137160938588843 -1.4249720789849643 -0.12344293700273533 -0.027370746664486773 -2.268956252531519 0.8106684780092159 -1.766799948863517 -0.5715352100998315 -1.7790182806053862 -1.7331469250109128 0.7636326336550961 -0.1305043175819596 -1.7613892135961182 0.21036527454041568 -1.3005783730298677 0.1129515690538577 -0.5953538357462076 -0.8794989781284666 -0.662166360340533 -0.005450870510841937 -1.0094066628769303 -0.3662593768707067 0.07282154867851265 0.7277947988017021 -1.3363623581868844 0.4527705783610577 0.4138256283616789 0.4541272827292517 0.10035858321283758 0.14211174851942038 0.0799919933526556 -1.5655885592704661 0.39000406627816586
1.0885021040448863 0.9724777415860821 -3.083062571399058 0.4297676887776789 0.04069425381856143 -2.242388109832208 -0.14305378805581448 -0.24385882449067592 -1.287025258653216 -0.5978697386251657 -1.4032307978983836 2.0905584127863297 -0.3285624501042586 -0.06335991216326149 0.44611131201037496 0.5013020142634975 -0.4540612230169857 0.5598482753013175 1.570361280177003 0.963431424827978 1.174970075821449 0.9876548691823093 -0.22095445646569242 -1.1196984202594664 0.39994121769993796 -1.3617840569255177 0.43996460166795276 -1.3154462703358347 1.0111153865679625 2.463911761307899 0.41764906024818677 -1.007839193794819 1.167416892474242 0.4662402517565824 -0.530464770624993 0.32361204858768594
0.3550603586927788 -0.894874334017842 -1.4716706522127567 0.6784622171593208 0.750876851138027 -1.3132351745146027 1.7856848041062126 -0.43941017431043394 0.08734618849984037 -0.9648449351541898 -0.7541426642405018 -1.3648018713256975 -1.3308100600149435 0.2524378526026463 -0.34194864149757465 -0.522446524138667 0.7126132630192796 -0.12203480535891426 -0.639041230222439 -1.0354791669296513 0.952707848761993 -0.6778407424195205 0.5880783701218584 -0.6993919970774266 -2.914807666548782 0.9019624761140661 -0.8530928420714392 1.3689386783921256 0.6225734274054062 -0.07572367587942838 1.417730224947148 -0.09167400784452799 0.1515584399947113 -0.9481900110216306 2.0356444914372154 2.4442791653684677
0.9488692168034786 -0.811395953672629 0.7453031886236599 -0.8720568729279091 0.4859788195358366 1.1110914770884612 -1.198575877791465 -0.3728697876925708 -1.1532224101521358 -0.9752075277460506 -0.17988630391081067 -0.5374944009136754 -0.19984091524915057 -1.368736387639583 -0.7372807652389929 -0.15243526763582613 -1.280384615610427 -0.8933755298177037 0.5090146923152399 0.49869151586874144 1.5843811071100216 -0.7147266819731137 0.14501280943282777 2.139705123724708 -0.7547496436634519 -1.140399916281544 -1.3646166629311673 1.1301740383671655 -0.5935407806196442 -1.3085200067342666 1.3786710380081422 0.17402900249879924 0.58075697065818 1.881810516308447 -0.37778295638534354 -1.0800892736457017
0.7810462866125393 -0.09494678571502133 1.0725028920063686 0.044141615291763275 0.6716821586245014 -0.48536153728959275 0.8461095854803965 -0.559672018778051 0.281354328933599 0.5887205283140668 0.8576167514461657 0.5967132014036055 0.92062982980208 0.8632952773670338 -2.30395260723833 -0.6425677830826193 0.5663086519944951 1.8062657668746538 0.059500454496016 1.0377121231707829 -0.7783759916241826 0.31310902802117674 1.259732349146839 -0.32222191757720875 -0.905862506238613 -0.9001728958502275 -0.2534305887859689 -0.6074948470034016 -0.12414571840043923 0.8379679714820355 0.624748207106437 -0.02559871428285329 1.4018069477725452 -1.299809909870219 0.9656890622026726 0.23159483931788932
0.4277616968736139 1.242408350649325 0.3865880113875967 0.13614566462796873 -0.04753238603662821 0.5276367326613868 0.30370026802425415 -1.3080835744357615 2.636925849189324 -1.2422793241477792 0.3532924278630458 1.7807048922366309 0.5314970056956055 -1.8739837044406609 -1.6321497322972067 -1.2193447220204283 -0.5390566395269952 0.0504833860204931 -0.7593522384095552 0.5839102901632258 -1.0329973690061087 -0.35000192060085694 -1.9971189065866821 -0.07552191240934455 -0.9315692523752811 0.08190316625349137 1.9660582067178465 -0.4512807145924768 -2.451934970467995 -1.0348708942946885 1.2680312719927116 -0.14859711035621495 1.00547945950104 -0.8218811429756321 -0.7968109183914149 -0.05858221739005513
-2.0045607451413683 -0.2235435904294251 0.1868812775686316 0.7551043026447997 0.9464908494703353 -0.06619631809541711 0.4057171025346531 -2.0169295104725005 -0.7940532354235686 -0.6772792805827837 0.10085428636210632 -0.3158327970980237 1.2496951525122753 1.4756495110029002 0.5809712012508312 1.9141345311620719 0.03089432972214214 -1.2299854433005633 -1.3555625813120045 -2.5631168693089896 -0.8731887523599929 -0.05782933180314189 0.2876345274084159 -0.6545143220900211 2.418339155031912 0.08852313979061072 -0.0664423947679746 -0.8881182906000477 0.5245532697911036 -0.22930336138751672 -0.6778013457481558 -0.6955385498549443 0.18522239208263594 -1.7785866306377893 -0.6841030657446211 -1.9315605173793666
0.07736364863681885 -0.7474275672842355 0.5348998675190051 0.6469862599895102 -0.335423171179551 -0.3030289927861872 -0.1630411096368266 -0.5181792823718666 0.8784036154049695 -0.44979237348728507 1.8380145606556633 0.0008069607448861584 -2.3075172452711348 -0.5413079811013501 1.4709036281484134 -0.3088053661619797 -0.541750901938656 0.45283743885502037 -0.4791499090462064 -2.2199634376440485 0.18888123368270388 -0.2091953843137486 0.2978432159578948 0.5304855509957882 1.126769824408178 0.8107620638899199 1.3738575650656093 -0.27405781492184333 0.47203708139190376 0.8327822630840519 0.9344457162399118 -1.1727773047558623 -1.3947797882770436 -0.5494150612605186 0.747578347589419 -0.20074404030033063
-0.5321404825197067 0.6147213887229253 -0.8207754787733715 -2.4261244051407345 -0.8985627842679023 1.6033431715558775 0.3843778522308897 -1.6156673283424539 0.25251518434852105 0.1979501370192621 1.0766459521568958 1.9735563176671276 -0.06635171731015842 0.09861079977257806 0.0757802979872552 0.8931427047648357 -1.2626312653382077 -0.7951828307384923 -1.1938754552087754 0.31290288509238173 -0.3406985440961581 -1.2785661396990864 -1.0540395444806667 1.3236157000164237 1.2564000307892347 -0.6917599356113512 -2.2242274933916515 1.7172943620803138 0.3994477012767787 1.4212800508484258 -0.08231022282054817 -2.129061904345164 -0.6553857032642793 -0.21762732308595337 -0.23910704862215534 -0.714149398198444
0.6697990979718494 1.5173178299235288 0.019038384906977835 0.3697959550749175 -0.17600262793498345 0.0584820842088624 1.3573802929511156 -1.8310164225100363 -1.295581421502645 -1.3055088491524924 0.9979286523206103 0.04582665408683528 -0.500150022694793 1.9039179485110576 0.8127293210086021 -1.3702330704179926 0.28095129341804953 2.0316967980506493 0.8899303358855443 -0.4660773080709473 0.6300873071620615 1.051964911091648 1.014200876058571 1.754794245273373 0.26146831044001223 0.16790184107016018 2.432279673394507 1.6173574975462337 -0.046803615582678974 0.09885056442636761 0.5055419336119088 0.5032201200259909 -0.6778940465070376 -0.7634173973737488 0.3319777065899065 -1.664417807019839
-0.6719903343966839 0.05734433028194292 0.6470512910225789 0.6468225587998808 0.8748413992412605 -0.49122391794351067 0.4615988757495653 1.632945038562059 -0.8328369385791234 0.08511638262454643 1.480762491804026 -0.3215081572259809 0.18712439169549722 0.6675520084146994 1.063876448588942 2.57526506863005 -0.19619159519013568 0.3217773957526563 0.39683281894279127 -1.877947358113777 0.5528275281038889 -0.2707113472476895 -0.06449427573010134 0.4094220853343218 -1.794885927505335 1.0911841389447654 -0.19618612427333526 -0.7473921328449685 -1.1506897536726897 0.5995445979837086 0.2591236633703373 -0.33980690082751397 0.3718527654395345 0.004408912357724159 0.5600579644082987 0.36004574535578365
-0.005784187988426616 -0.5724757638263139 -0.24462869818312333 1.745465137467797 -1.345193856671584 -1.5063653466300693 -0.31115566251572113 -1.4711842953896075 -1.8046228206050727 -0.9665996257491059 -0.5830254361061257 0.7592372609227954 0.36807945530127556 0.39725141044446227 0.11269660545185826 -0.18494243141068906 1.6859128547772286 -1.2751352136492633 0.16113013364004955 0.5511246276440765 -0.6322003953598644 1.405285048429111 -0.37438949937936583 0.6895547155909473 0.4036368971453137 -0.27142913671915925 0.32485819696927154 1.8852992027293627 -0.43377845264937137 0.7371787840753371 0.7351090194076503 0.9912396462207511 1.1610101225547662 -1.089061605488678 -0.9245758543513654 -1.0522885514259694
0.36492782514393596 -0.017402317422378754 -0.34774224594218145 -1.256805597054958 0.21487756699939106 0.09609775401590483 -1.478950327153577 -2.1052202501412074 -0.5424741609566706 -0.5299696983827601 -0.3983130248653085 -1.9349594132044037 0.15413939912412797 -0.46791315872999045 -0.16017106508520204 -0.8586948850319865 -0.49787185534240336 -0.9485660927291427 -0.6716183484984425 -0.020280158043307833 -1.3656553835931888 1.6469240761619297 -0.12396295255340391 0.6352137217541319 -0.2822859489253418 -1.1230104572767197 0.32579942841759 0.42722338997144815 1.4212055244898678 -0.46788103724969454 -1.7692207885886369 -1.6793863140888843 0.29399670519060517 0.3827386729037622 -0.4694825532618824 -2.3665661545082446
-0.9345664794223223 -1.079736112632561 -0.5382906838992036 -0.03035973583720228 1.1208842360979847 0.05670972510139868 0.6448570578169873 -0.06590394768162611 1.2011018881324655 -1.6407398602226433 -0.7738261661819712 1.9375072094002832 1.3863547514819525 1.655306448171781 0.23507877075280834 0.01202790865525028 -0.2517307222922875 -0.4592580588580656 1.0527301400627531 0.7430885989419457 0.12281271133321228 1.2762004577200605 0.22680082256743242 0.5017590610259937 -0.1751030457990313 0.054346842894167836 -0.473690759742639 -1.4153194287412962 -0.7808788017759724 -1.0243404625099648 1.0053405266569255 0.11235039489481413 -0.10006826762452418 -0.4084947558990033 1.3539109687424327 -0.10191693349180364
-0.8002198187927813 -1.3503039538469626 -0.7395573285848964 -0.5765887114725828 -0.9414564846555072 -0.01608595721671957 1.6729457736480873 -0.9681431941116903 -0.3868688295262373 1.9333222929785778 0.3511943774146829 -0.7620731700158833 0.7742330733915518 -1.004995032998811 1.2146724131259858 0.8978243479683149 -0.06838923483902871 0.7745619510752398 0.6578983324939884 0.32507799917574837 0.9785285345674543 -0.8546225927442357 -1.0086598412930377 0.9688816642776147 -0.551951227489057 -0.4740547202084621 -1.3217684995774799 -0.47753938557078734 -0.47140093932103544 -0.03320239620004399 3.1488984846767534 0.8174784281814207 -1.920365194845993 0.19632914650987832 0.28472312663868693 -1.8143728253908777
-0.6580700542137801 -0.22911287602897545 1.8581759652431098 1.1566292152876174 0.3459963054690889 -1.271747738289278 -0.5841976545837462 1.1048957278780003 -0.3233288700127089 1.3597981623053677 -1.6873197828490167 -1.849626972658355 0.38030451701272294 -0.18115173419187014 -0.8889392622320154 -0.883910723177167 0.749972907960775 -0.2864326310750538 -1.2547054136664266 -0.21032393142539715 -0.5735579986865721 0.11073512003131694 0.5029436866594975 1.3655281350694624 -0.19889094785396302 1.4033264399005474 -0.864441136746999 0.9121791307255249 -2.19139722747311 -0.4510575590971978 -1.354506552365487 -0.49786723324305515 -1.6143819289536587 -0.29490633624407037 -1.507966628958656 -1.5225448220793787
0.8312195754874082 -1.1021208397216702 -0.7335297065714804 1.2243335334870502 -2.520134172489784 1.190254245880169 0.3642670789088421 -0.24859135387516332 0.5252398944009491 -1.7516461029221881 0.9042123678679238 -0.16091536283203609 -0.2145274467664547 -0.4727448582535803 -1.6623854536589835 0.7494550537245624 -0.13463318680142677 -1.0350422180105847 1.3092288517834079 -0.3518726145539071 -1.2262456511179365 0.328239082390415 -0.16950484805471794 0.34423591498526823 0.16131109572124697 -0.4827934775603033 -0.9588324198229683 1.5654299740519437 -0.9830390257210798 0.4928168427229387 1.1460790500047777 -0.6467805473448922 1.2348419777458692 0.6841419313362306 0.7346972597537155 -1.2379064474881194
-0.7240112884352649 0.3702757545650405 -0.4746627317076271 -1.0831582870539562 0.24795421028953468 -1.6557856838853147 0.4257370556884893 1.5034328266544326 0.8063811220390182 0.8264561561024818 -2.2199091067740193 -1.942457837373989 -1.1839852127646855 -0.9423737856342164 0.04328355971971407 0.7639633087788411 0.4053440615965622 0.5594666318779997 1.425363665198201 -1.0985390397671195 0.8746821526057732 -0.4748857725971479 0.6533590811998357 -0.6855944706139636 0.6762069287041225 -1.3836181362701712 0.41028122797417854 -1.531159657309481 -0.9401864452814707 -0.007141696133588199 -1.474065720239657 0.5515439613023505 0.013928246990143707 -0.11520847190529056 0.2369308854963952 -0.6672163507842376
0.28262031579228986 1.257877208146238 -1.878339429742549 -0.5381336731429761 -0.44097036964102404 0.327379602828181 0.0647093390501261 1.2626852798789965 1.5928339678717514 0.6208190979386478 1.5432840801652776 -0.4291262292245153 0.5397985780328912 -0.6442758085735225 0.7430688780769642 -0.2588152355160925 -1.3951068729981806 -0.608131207910867 0.03830393803065671 -1.3807740042535666 -2.1949578772050624 0.44189743546383103 -0.7280641558755286 0.053368814290675345 -0.04805515026830444 -0.6238164333951864 -0.8880825834837036 -0.6214376402829946 0.23031766580986213 -0.36543651869738863 0.5707637560356894 -2.291513398067849 -1.034619615902442 -0.5830439096859332 0.06093136174519566 -1.6025707706101813
0.6320705021970612 1.1957180590538565 1.0015427868002977 0.6206640891551235 -0.10126971248080523 -0.43330226759981755 0.969807340667344 0.15980615838698692 -1.798004876678058 0.3096540525010343 -1.0697119384992564 -2.026015319980877 -1.188138392602163 -0.19026940237272372 -0.5179756576732186 -0.7462406338437899 -0.5219255194734663 -0.42071456496026294 0.845964828115679 -0.6350885981358458 -0.7357809139727425 1.259173458229457 0.19395087259221017 -2.526887723411616 1.0295638518814456 0.3120137785130266 1.6303513693209855 -0.18292637128354727 -0.08720750877540229 0.15144592416940897 0.6033688782195176 -0.5757287712017722 -1.4112108977881341 -1.3583045207375775 -0.41953329707346376 -1.3892932319664673
1.4025500067787908 -0.05685821935882727 -0.7364595877626461 1.7195949581117471 -0.35209343942017834 1.0727668795270893 0.7123042918660552 0.49744081174142885 2.7172609243609043 -0.9350159372404707 0.3839633350239416 0.850830728707944 -1.0658823919413714 -0.725969969577625 0.057171442162461956 -1.8667303602551886 0.9210618068344052 1.4382191109295077 -0.0759408692291814 1.9282924069032203 -0.2093989826934681 1.8551409091201443 1.350472662988673 0.8328363684111431 -0.2290451482133076 1.8723141762329905 -0.17545414985774357 0.46050079444644776 -0.1984367997553992 -0.5312705776481124 0.8286467341882441 0.7610100979908431 -1.2650496796988737 0.40082245526580323 -0.679064748996397 0.09294978460141133
-0.38256269787571545 1.0922265117839747 -0.20504163928715693 -0.502427268740686 -0.25507110962690727 -0.8147161293521293 -0.9301234888097011 -0.914772024769476 -2.335944924119555 -0.5762412884833025 0.33018471789953086 -0.73098930046372 -2.3738763382391017 -0.08994619442693141 -1.143175157817481 0.1904068118890535 0.9170058648955173 0.4676349649835357 -0.20686361230408343 0.7401642387213802 2.526092055724646 -0.585713230182053 1.526460435517283 0.743658211706374 2.4553031927340965 -1.3140330741718833 -1.1255853392271493 -0.12567748442981375 -0.23503849836799576 -1.0422981826689457 -1.074356225299242 -0.4844133467284329 0.606896097446358 -0.9060600372598429 -0.8758800865825935 -0.9230270828053919
-1.136268183028989 -1.9753751079217654 0.8897301403127625 -0.43079992952204293 -1.1570237104203502 -0.8989274569356493 0.004193762219449062 -1.6929651115272728 -0.7334298141005761 -1.3208163791134053 -0.5239061041219268 0.7327772006506311 -1.3536799729864 -1.64209474848502 0.45429977547366207 -0.795037565692837 -0.7790276019345291 -1.4807645223991035 -0.1463938041633193 -0.9258734107762362 -0.8679909016361916 -1.7324377810004004 1.3733867108690236 -0.4113036916337697 0.29856391392613063 -1.1063486415942865 -0.02422899710366856 -1.3006279787404849 -0.3870639769564068 0.7210741159007844 -1.2815146277052958 0.16311387917176545 -1.0147127695599578 0.0894518238591924 -1.437573073771475 1.0451906700158895
-0.04068217336185731 0.438345560057871 -0.5365310673220635 0.5477356877336372 0.8987453760135383 -0.311870079070487 -0.27138314129289864 0.30732850579082144 -0.5096087558936122 0.5000296501052591 -1.6493843568569675 0.9832770460427956 0.2091624073645855 0.1071709835017039 -0.25265666250987756 -0.5710851793237235 0.10886988376335217 1.3671632518757355 -1.3568604078887916 0.05233866962157026 0.8332258538842464 0.17755585239350377 -1.4682871104107051 1.4016017637707594 1.3007769191918424 -1.1723203552555608 0.05528425161450079 -0.5937476714719586 -0.7893536295220882 -2.6046250034881067 1.231688001719562 -0.6636833016508146 -1.11210885554314 1.9624036090158092 0.5182834814787949 -0.7832605665059977
-1.0247157425555011 -0.0774853121873859 -0.7860185764486898 0.6973774843614191 -0.012067173397483172 -0.9051606548101965 -1.1031748648169524 -0.1599209288556953 0.19890709515266716 -0.26265974320857177 -0.665321542734368 0.8160978937015574 0.46415360186912547 -0.7094478751740997 -1.0829813572282116 1.5961266590744025 0.6429919899177686 -1.4843366200233836 0.8895580192616677 -0.7814765821948462 -0.2601193112632273 -2.7678151700201257 0.1911053912112463 -0.19780322126179056 1.3432233917710965 0.4621429284769548 1.6455286008119514 1.2572862744014244 0.13110188871202208 -1.9392123629457978 -0.6807271129958994 0.24562307921816198 1.4302924312160246 0.12309018881085225 -0.28066139074379526 0.2942643428250529
0.2998325090761287 0.6385024009846414 -1.1697578972916352 -0.6453412982088758 0.028893597019609772 -0.9726700414761645 -1.5993771778279169 -0.47304515264087565 1.0256876598940305 1.1227566026126536 -0.2724483179678221 0.9911669716902989 -1.2758125318102593 0.3147333020124938 2.008629949042454 0.5299448087581531 1.790392583120357 -0.4172373606314597 0.16845256190044774 -0.3852739726448771 0.4722183617072701 0.5632051795066061 -0.04823852697347656 0.14256597052898373 2.742696803519913 0.5760385073060389 0.41908509670988997 1.1727547466613113 1.3716943314716157 1.6301287118040735 1.2849215650029975 1.4572298453389965 0.6416713293590394 0.38799241333473194 1.8141206304425128 -0.5523276176445349
-0.5760913242969395 0.3678437899747021 -0.5240411292739483 0.5472844392713452 0.13286916726791256 0.3944988713756397 -1.0140995043902719 1.9336062186829848 0.7814888552311066 0.11495908855017739 -0.039953868461742134 -0.3129227574649397 -0.8775066038226716 -0.8607305579192749 -0.48039307259580316 0.20639739857570852 -1.0158314136394504 -0.13474417517168272 0.10885226614472822 -0.6242249942167394 -0.70376356329372 -0.34129767717346476 1.0919580188648552 1.9282913874893577 -0.3835175219909242 -0.5285501512203649 -0.2776907075319878 -1.0048001135694524 -0.937933410069427 0.1149331073902941 -1.263009207286867 0.9681889836614286 -0.3047720525863334 -0.5362455724375018 0.8546772484052342 1.0876189779566503
#layer: 2
-0.6399313739916448 0.7825146248276214 0.08582615902089105 0.33991430369695474
0.9975876187857007 -0.6868110401308049 -0.16612863956882337 1.2714302059425926
1.1468139203789816 1.9166765341490188 -0.6334721444187771 1.6086239912335232
0.3789821358462252 1.0047014543414603 0.28797767477841024 0.2036536201768184
0.3593338385060134 0.07802244895111572 0.36895026883936655 -0.1108162975491588
0.04045109066539215 0.2788826867169382 -0.8676414382755883 2.1295045514489956
-0.14127937879744587 -2.144507220411695 -0.2465000668565371 0.2725554252525469
-0.9797516097945725 -0.052291978718965584 1.077186498077503 -1.0954513234362646
-0.09296830795944312 -0.01500203580088699 -1.1373131529541765 -1.6273903733426718
0.6635465200680007 -1.1231415482678047 0.7997833547237482 1.148990387022291
-0.7158092519184728 1.7873054518531766 2.226495951770459 -0.7413346454220381
-0.6606317115552431 -1.2284653964493382 0.8754055173693693 -0.599143877527638
0.1499734627501772 0.733214438551709 0.4919150675494388 -0.4418642509496535
-2.003260287622646 -0.08860543260758272 0.9901640155402539 0.1626175753016452
0.007728213388715782 -0.2943214659655847 -0.6169495664847195 -1.5212116425192257
1.7012609054145544 1.8461736058841616 -1.089708625886829 -1.5045852642172253
0.2620121542921901 -0.2611626259317187 -1.093017012829252 0.5464934766327169
0.5616692773790561 0.6221431006324101 -0.2661886613456413 -0.9169690960090536
-0.8788386803697879 -1.2676225969506245 -1.428482988446655 0.018653921972721657
0.7920748148950145 -0.8228084793908523 1.1734050810755 0.21844536428137906
-0.4383777850294482 2.791422067003118 -0.18577081826363298 1.3834195072195488
-1.6629678104369403 -0.5199825931706751 -0.8770302965880271 -0.7547693418938066
0.7519175188492467 -1.6876684026535653 -1.5696460357083502 -0.285630138708532
1.0771577948147057 -0.8773179404595761 0.5741052267626712 -0.6362923564709456
2.7311843123599098 -0.02995079187373372 0.5836040442067721 -0.16565184379148407
0.8355993445962568 -1.1428194689452669 0.5770373309160609 0.5370325224856749
0.9878243872466445 -1.478013737102168 0.14984436602441217 0.10031175723830324
-1.2563172841880306 0.09114909871154767 -0.06707354956862208 0.8837504485202186
-1.9456804532085485 0.2471603948500708 1.8459648334805399 0.8730918819451579
1.843798534969588 -0.0030400142282534324 0.6066673618822538 0.12688123434428558
1.2866414775115018 -0.9962407776608134 -1.0718556985032055 -0.7690114793127566
-0.6227138407681294 -0.012824418181231603 0.5634334665818487 0.3295103025597814
-0.04891768903749615 0.5690430236254326 -2.4158943896402096 -0.3346102722342916
-1.4149570347803155 -0.6223583931456791 1.8901732885227096 -0.4785278522921541
-1.2066708295774917 -1.6399681207745456 -0.7652416132975611 -0.14361798114793764
-1.3131213483209714 -0.8252077095611363 -0.5565015314263901 -0.7298979425295716
-2.1815032297364287 1.4215254329701554 -0.6158280377480636 0.346467155304115
