#Rust simplenn config start.
#layer: 0
-1.4599730398275665 0.24956916264744736 -0.6042872469543751 -0.5179969425358283
0.3495811284653668 0.08515539100243319 1.1850509173122272 -1.4402482854866858
-1.0354673680769546 0.9176505832019439 0.5934798021941501 -0.24640597851028717
#layer: 1
-1.8601394819834849 0.43528097136741895 -0.7194074256278745 -0.6150506463564236
1.0811799524978352 -1.5712847107310004 0.2647228511218905 0.5205857180946926
-0.6867953068895308 -0.563671500102448 0.8688819452091926 0.07068059683833788
-0.035148196095165646 -1.2343740145952806 -0.8513398349457642 1.0446199883413878
0.34017805979442095 -0.2838015473303922 -2.382021192467304 -0.4881675078257045
#layer: 2
-1.2289803418608276 0.35297622488464653
-0.16285331004016781 0.2955435609143747
-0.041761313590255755 -2.1306230676780107
-0.6895254701439975 -1.3026696221227283
-1.2834192728487406 0.5333382351691385
