#Rust simplenn config start.
#layer: 0
-0.5410768166387111 -1.679722020719126 -1.0480237909900196 -1.3499362642558919
-0.6392223621075779 -0.10740165518812524 -2.462909730723692 0.5903196488685215
-0.8832288977822882 0.16116191341811184 0.07242306417819167 -0.18764462325760886
#layer: 1
0.032473449011291504 0.4428825141127792 0.5385478875845918 1.7814837154638477
1.3674576250057713 1.734607240544752 0.002448266971313516 0.8600441923790615
0.8373578218471608 0.11241442606191625 -1.0041669836748532 0.5718925667571937
-0.2697771079502469 -1.6434908054164872 0.15418530502998587 0.7690440947190716
0.32127895875525136 -0.46297591620594486 -0.8717632426038939 0.13298535880103315
#layer: 2
-0.24894106128110033
-0.24197342365772098
0.7942058981359795
1.7171204810603067
-1.5276507671958377
